lines_for_vis 33756

,0,1,2,3,4,5,6,7,8,9,10,11,12,13,14,,14,13,12,11,10,9,8,7,6,5,4,3,2,1,0
A,-0.085,0.167,0.056,0.017,-0.083,-0.084,-0.120,-0.165,-0.113,-0.150,-0.129,-0.156,-0.265,-0.284,-0.354,,-0.094,-0.063,-0.179,-0.206,-0.229,-0.282,-0.307,-0.392,-0.467,-0.486,-0.530,-0.559,-0.534,-0.544,-0.573,
C,0.464,1.010,0.881,0.862,0.964,0.972,0.834,0.938,1.053,1.026,0.921,1.037,1.052,0.821,0.747,,0.750,0.681,0.691,0.595,0.593,0.612,0.513,0.457,0.477,0.402,0.385,0.359,0.374,0.368,0.500,
D,0.914,1.125,0.940,1.140,1.156,1.081,1.061,1.267,1.165,1.228,1.159,1.160,1.070,0.963,1.010,,0.802,0.819,0.665,0.638,0.569,0.506,0.545,0.464,0.422,0.301,0.323,0.207,0.158,0.303,0.287,
E,0.580,0.792,0.727,0.903,0.832,0.720,0.771,0.927,0.902,0.850,0.828,0.907,0.756,0.569,0.556,,0.454,0.466,0.378,0.340,0.238,0.270,0.177,0.115,0.000,-0.101,-0.178,-0.259,-0.238,-0.051,0.150,
F,-2.428,-2.893,-2.914,-4.029,-3.452,-3.452,-3.596,-3.968,-3.956,-3.923,-3.775,-4.109,-4.414,-4.092,-4.202,,-3.122,-3.164,-3.441,-3.402,-3.436,-3.501,-3.673,-3.667,-4.048,-4.071,-4.198,-4.009,-3.799,-4.791,-4.773,
G,0.386,0.256,0.222,0.305,0.331,0.297,0.302,0.435,0.352,0.439,0.423,0.404,0.293,0.193,0.188,,0.321,0.324,0.322,0.306,0.207,0.187,0.141,0.096,0.059,0.004,-0.040,-0.061,-0.021,0.125,0.291,
H,-1.243,-1.719,-1.753,-2.003,-1.885,-1.973,-2.060,-2.128,-2.103,-1.990,-2.213,-2.164,-2.168,-2.444,-2.416,,-1.731,-1.817,-1.887,-1.793,-1.893,-1.992,-2.080,-2.197,-2.173,-2.462,-2.469,-2.513,-2.220,-2.561,-2.541,
I,-0.624,-1.011,-1.114,-1.073,-1.205,-1.451,-1.516,-1.366,-1.395,-1.354,-1.405,-1.521,-1.481,-1.620,-1.630,,-1.177,-1.271,-1.335,-1.368,-1.370,-1.416,-1.460,-1.529,-1.728,-1.859,-1.833,-1.869,-1.862,-2.050,-2.140,
K,-1.315,-1.589,-1.800,-1.851,-1.953,-1.973,-2.026,-1.977,-2.173,-1.972,-2.029,-1.961,-2.199,-2.270,-2.250,,-1.475,-1.553,-1.520,-1.484,-1.616,-1.560,-1.610,-1.607,-1.700,-1.724,-1.733,-1.656,-1.649,-1.821,-1.964,
L,-2.097,-2.763,-2.726,-3.289,-3.086,-2.829,-2.845,-3.123,-2.982,-2.799,-2.764,-3.381,-3.267,-3.218,-3.202,,-2.461,-2.500,-2.467,-2.568,-2.523,-2.596,-2.619,-2.818,-2.918,-3.121,-3.204,-3.249,-3.162,-3.379,-3.808,
M,-1.096,-1.419,-1.148,-1.468,-1.357,-1.389,-1.370,-1.338,-1.399,-1.619,-1.413,-1.716,-1.874,-1.649,-1.658,,-1.392,-1.403,-1.301,-1.254,-1.390,-1.582,-1.814,-1.803,-2.164,-2.444,-2.275,-2.362,-2.236,-2.575,-2.411,
N,-0.183,-0.020,-0.171,-0.168,-0.210,-0.208,-0.200,-0.090,-0.162,-0.067,-0.064,-0.045,-0.218,-0.199,-0.164,,-0.124,-0.157,-0.186,-0.199,-0.207,-0.240,-0.298,-0.372,-0.472,-0.501,-0.581,-0.558,-0.563,-0.689,-0.707,
P,0.012,0.010,0.018,0.065,0.057,-0.013,0.041,0.044,0.075,0.097,0.080,0.087,0.061,0.026,0.028,,0.059,0.073,0.067,0.024,0.014,-0.005,-0.071,-0.062,-0.105,-0.165,-0.170,-0.197,-0.198,-0.127,0.044,
Q,0.023,-0.242,-0.342,-0.496,-0.486,-0.421,-0.505,-0.340,-0.344,-0.416,-0.367,-0.371,-0.402,-0.366,-0.405,,-0.302,-0.333,-0.348,-0.393,-0.426,-0.454,-0.502,-0.587,-0.641,-0.708,-0.792,-0.837,-0.750,-0.788,-0.852,
R,-1.668,-2.303,-2.472,-2.843,-3.097,-2.909,-2.925,-3.110,-3.134,-2.896,-2.860,-2.991,-3.158,-3.157,-3.115,,-2.140,-2.169,-2.214,-2.264,-2.198,-2.352,-2.350,-2.391,-2.421,-2.468,-2.521,-2.489,-2.509,-2.596,-2.520,
S,0.098,0.231,0.209,0.262,0.235,0.260,0.236,0.271,0.207,0.187,0.158,0.154,0.192,0.216,0.199,,0.188,0.188,0.182,0.153,0.159,0.121,0.118,0.101,0.102,0.077,0.071,0.056,0.052,0.052,0.024,
T,0.638,0.928,0.928,0.997,0.976,0.882,0.918,0.860,0.989,0.903,0.966,1.022,1.124,0.938,0.969,,0.791,0.717,0.672,0.612,0.602,0.574,0.595,0.509,0.480,0.443,0.372,0.356,0.441,0.493,0.524,
V,-0.001,-0.236,-0.260,-0.428,-0.484,-0.733,-0.721,-0.619,-0.723,-0.712,-0.741,-0.775,-0.840,-0.945,-0.871,,-0.585,-0.577,-0.587,-0.631,-0.672,-0.680,-0.678,-0.794,-0.837,-0.906,-0.922,-0.976,-0.887,-0.937,-0.993,
W,-2.011,-2.474,-2.541,-2.821,-3.086,-2.371,-2.717,-2.988,-3.104,-2.679,-2.902,-3.074,-3.161,-3.232,-3.008,,-2.229,-2.566,-2.140,-2.380,-2.296,-2.471,-2.285,-2.628,-2.497,-2.750,-2.812,-2.687,-2.648,-3.025,-2.895,
Y,-1.001,-1.444,-1.752,-1.872,-1.641,-1.982,-1.842,-1.963,-1.861,-1.764,-1.809,-1.805,-1.870,-1.864,-1.811,,-1.370,-1.446,-1.445,-1.506,-1.526,-1.557,-1.748,-1.832,-2.050,-2.219,-2.339,-2.441,-2.302,-2.613,-2.490,

,A,C,D,E,F,G,H,I,K,L,M,N,P,Q,R,S,T,V,W,Y
avg,-0.099,0.725,0.915,0.585,-3.291,0.283,-1.941,-1.295,-1.603,-2.601,-1.335,-0.171,0.063,-0.367,-2.425,0.196,0.826,-0.586,-2.493,-1.537
avg (abs),0.436,0.752,1.031,0.771,3.293,0.441,1.943,1.301,1.607,2.602,1.376,0.339,0.257,0.455,2.427,0.258,0.874,0.637,2.495,1.544

,0.000,1.000,2.000,3.000,4.000,5.000,6.000,7.000,8.000,9.000,10.000,11.000,12.000,13.000,14.000,15.000,16.000,17.000,18.000,19.000
A,0.024,-0.121,-0.209,-0.228,-0.218,-0.155,-0.094,-0.026,0.024,0.047,0.064,0.074,0.060,0.025,-0.110,-0.225,-0.284,-0.417,-0.488,-0.474
C,0.790,0.910,0.939,0.827,0.770,0.721,0.720,0.748,0.773,0.730,0.766,0.743,0.752,0.725,0.637,0.594,0.509,0.420,0.274,0.254
D,1.030,1.167,1.102,1.016,0.964,0.972,0.987,1.044,1.016,1.040,1.075,1.025,1.028,0.953,0.780,0.626,0.573,0.390,0.159,0.187
E,0.749,0.825,0.759,0.659,0.638,0.646,0.695,0.746,0.771,0.746,0.733,0.721,0.700,0.583,0.383,0.301,0.214,0.002,-0.127,0.003
F,-3.109,-3.717,-3.999,-4.121,-3.795,-3.448,-3.128,-2.964,-2.959,-2.838,-2.847,-2.869,-2.846,-2.957,-3.311,-3.336,-3.315,-3.645,-3.708,-3.598
G,0.310,0.346,0.309,0.256,0.212,0.251,0.274,0.308,0.319,0.340,0.354,0.357,0.380,0.377,0.253,0.201,0.228,0.130,-0.031,0.107
H,-1.702,-2.018,-2.252,-2.366,-2.279,-2.189,-1.971,-1.852,-1.795,-1.750,-1.699,-1.697,-1.625,-1.739,-1.855,-1.957,-1.981,-2.168,-2.275,-2.045
I,-0.938,-1.343,-1.546,-1.497,-1.440,-1.303,-1.240,-1.186,-1.163,-1.123,-1.097,-1.162,-1.160,-1.223,-1.278,-1.409,-1.469,-1.612,-1.658,-1.661
K,-1.705,-2.037,-2.109,-2.050,-1.907,-1.664,-1.560,-1.432,-1.384,-1.353,-1.386,-1.338,-1.341,-1.417,-1.514,-1.553,-1.527,-1.668,-1.589,-1.540
L,-2.701,-2.925,-3.126,-3.095,-2.954,-2.711,-2.531,-2.397,-2.355,-2.314,-2.315,-2.322,-2.324,-2.348,-2.504,-2.546,-2.610,-2.765,-2.848,-2.753
M,-1.282,-1.367,-1.624,-1.661,-1.561,-1.481,-1.242,-1.140,-1.062,-0.986,-0.959,-0.961,-0.940,-1.033,-1.395,-1.560,-1.653,-2.056,-2.103,-2.073
N,-0.142,-0.132,-0.142,-0.207,-0.207,-0.164,-0.133,-0.099,-0.091,-0.065,-0.054,-0.071,-0.040,-0.110,-0.191,-0.261,-0.330,-0.475,-0.602,-0.579
P,0.025,0.044,0.069,0.059,0.055,0.071,0.084,0.104,0.116,0.119,0.129,0.128,0.142,0.110,0.042,-0.017,-0.012,-0.085,-0.187,-0.017
Q,-0.308,-0.409,-0.371,-0.391,-0.407,-0.396,-0.368,-0.306,-0.287,-0.257,-0.263,-0.254,-0.250,-0.239,-0.431,-0.477,-0.456,-0.618,-0.767,-0.746
R,-2.424,-2.984,-3.062,-3.169,-3.022,-2.734,-2.464,-2.279,-2.201,-2.094,-2.009,-2.017,-1.985,-2.069,-2.151,-2.164,-2.231,-2.461,-2.236,-2.190
S,0.211,0.229,0.192,0.231,0.229,0.226,0.215,0.221,0.219,0.228,0.217,0.219,0.203,0.206,0.173,0.119,0.118,0.094,0.018,0.030
T,0.914,0.914,0.983,0.979,0.928,0.866,0.886,0.888,0.898,0.901,0.893,0.904,0.862,0.840,0.714,0.637,0.585,0.429,0.316,0.363
V,-0.220,-0.676,-0.786,-0.790,-0.724,-0.651,-0.557,-0.524,-0.491,-0.500,-0.493,-0.472,-0.457,-0.468,-0.580,-0.685,-0.711,-0.807,-0.895,-0.820
W,-2.392,-2.895,-3.055,-3.026,-2.868,-2.709,-2.515,-2.388,-2.361,-2.208,-2.207,-2.169,-2.158,-2.217,-2.353,-2.411,-2.453,-2.375,-2.534,-2.290
Y,-1.609,-1.815,-1.797,-1.697,-1.690,-1.549,-1.466,-1.366,-1.355,-1.299,-1.250,-1.264,-1.261,-1.308,-1.488,-1.705,-1.644,-1.924,-2.113,-2.172
all (abs val) per pos,1.092,1.302,1.374,1.358,1.282,1.180,1.106,1.055,1.040,1.020,1.016,1.020,1.025,1.042,1.094,1.134,1.148,1.220,1.231,1.135
